0.0
224.79978307267544
544.036263924614
655.946684182344
907.5287358098016
1062.1395531163917
1317.5727863104266
0.0
68.88171372513571
109.34411034156615
177.33495081805685
230.61859902079988
239.1447039952152
336.01237802709073
3089.700059756056
3089.700059756056
2774.1960990880825
4374.556331809608
6187.352587981184
8000.148844152816
9913.82620924079
12135.068356481763
0.0
242.73121756241085
474.58168763093136
737.6353160704002
1069.755109658745
1095.6708931694445
1409.0939506114116
0.0
82.2666125378934
131.84762621593788
185.4072563383326
191.46425246378394
294.0857451887064
411.1870633403592
3089.700059756056
3089.700059756056
2774.1960990880825
4374.556331809608
6187.352587981184
8000.148844152816
9913.82620924079
12115.495868049009
0.0
213.65028688556575
595.6694514557585
663.4664394670918
955.586205720024
1168.0836192366924
1498.839452154409
0.0
59.10282677211895
109.53889282907919
224.09023967851473
277.81488323244804
308.21837597328204
341.10357540267285
3089.700059756056
3089.700059756056
2774.196099088083
4374.556331809612
6187.352587981188
8000.148844152816
10632.381810740982
12044.133495365482
0.0
226.1493058142815
415.2929884233083
716.5822684808393
1044.8758564885852
1455.2588190761749
1271.7594435800158
0.0
57.250857544500995
107.10273604014944
182.6142473323113
230.14560999889443
305.2091379479599
343.35063296456326
3089.700059756056
3089.700059756056
2774.1960990880825
4374.556331809608
6187.352587981184
8000.148844152816
9913.82620924079
12039.577407416502
0.0
229.8726968941269
463.91582264200645
862.1017063142164
991.8269771426035
1038.8591215668991
1271.2249495825295
0.0
57.461735627152386
97.75221056483849
125.29602012385287
224.07652613273817
367.5256787823066
364.67325224935456
3089.700059756056
3089.700059756056
2774.1960990880825
4374.556331809608
6187.352587981184
8000.148844152816
9913.82620924079
12061.357916675574
0.0
262.60600707261716
438.014758736082
655.376760943847
842.2068838673772
1036.2008208521231
1511.669387518153
0.0
63.12975666130251
126.59451803095163
220.7464005277516
232.7600855822083
289.8839056177562
325.2621467915236
3089.700059756056
3089.700059756056
2774.1960990880825
4374.556331809608
6187.352587981184
8000.148844152816
9913.82620924079
12061.659652780116
0.0
253.81982133341387
517.8234583312825
759.0176646363703
858.5031963014364
1640.9503951300974
1557.3412616591186
0.0
66.53111668964961
140.41527530883806
153.04575073817833
223.09568688027193
279.6011335388954
300.79718867884304
3089.700059756056
3089.700059756056
2774.1960990880825
4374.556331809608
6187.352587981184
8000.148844152816
9913.82620924079
12090.220821761981
0.0
222.25841945591628
456.7141003338943
726.9743101232657
864.4221810570599
1167.761579736526
1723.2667709349275
0.0
66.35581740471075
176.71504278948714
154.42012662788866
299.23877406260056
279.2005196448328
302.1692819223338
3089.700059756056
3089.700059756056
2774.196099088083
4374.556331809612
6187.352587981188
8000.148844152816
9913.82620924079
12258.073692125341
